58.9439
56.0429
53.2227
54.3025
53.2241
51.2386
58.2923
51.3184
52.0019
59.2823
53.2241
59.4794
52.6668
49.6233
52.3709
53.2296
58.5674
42.4235
52.8894
52.903
54.5496
53.2686
47.2222
58.9917
56.0429
53.2316
54.3025
53.2264
56.8017
58.8962
51.4934
50.3456
59.2823
53.2233
59.4794
53.2223
50.0321
52.5916
53.2296
58.5674
52.7019
53.2227
53.2389
54.6326
53.2686
58.8962
58.9917
56.0429
53.2316
54.3025
53.2264
56.8017
58.8962
51.4934
50.3456
59.2823
53.2233
59.4794
53.2223
50.0321
52.5916
53.2296
58.5674
52.7019
53.2227
53.2389
54.6326
53.2686
58.8962
58.9917
57.0538
58.9439
55.4802
53.2241
57.4452
58.9917
51.4782
54.3471
59.2823
58.8487
59.4794
53.2223
50.0321
58.8962
41.8628
58.7542
53.3983
59.0397
53.4316
58.9439
53.2835
58.9439
53.4769
55.8713
57.3438
54.3697
48.1008
54.0266
58.191
53.4597
52.0019
26.4391
42.7848
42.0611
38.5645
49.4034
52.3709
42.9385
43.0245
40.8324
38.7784
52.5566
54.3415
39.6006
44.1419
54.3471
56.0082
53.2227
54.2806
53.2241
54.0786
58.202
50.906
51.9669
59.2823
53.2241
42.5769
51.4446
49.4034
52.0869
46.9995
58.5674
42.2656
49.2562
53.0019
54.3662
45.2228
44.0618
54.3471
56.0082
53.2227
54.2806
53.2241
54.0786
58.202
50.906
51.9669
59.2823
53.2241
42.5769
51.4446
49.4034
52.0869
46.9995
58.5674
42.2656
49.2562
53.0019
54.3662
45.2228
44.0618
52.6542
53.2296
53.2233
54.2806
52.8526
54.1249
58.202
43.9091
48.7357
59.2823
53.2241
42.3642
51.2223
49.2267
51.9297
47.3449
48.7641
41.906
42.5592
52.903
54.3332
53.2686
44.8154
51.2588
55.9052
47.2986
54.3471
50.189
50.601
57.5372
46.9285
47.1123
26.1508
40.8913
40.2047
34.0503
48.7698
52.04
42.5441
42.4235
42.8241
35.0932
51.8604
54.2251
39.1622
44.6805
51.2588
55.9052
47.2986
54.3471
50.189
50.601
57.5372
46.9285
47.1123
26.1508
40.8913
40.2047
34.0503
48.7698
52.04
42.5441
42.4235
42.8241
35.0932
51.8604
54.2251
39.1622
44.6805
48.0623
55.8713
45.1916
54.3471
48.4813
51.3117
40.1362
48.4997
48.524
18.1982
40.8913
40.1577
32.0493
47.645
49.173
42.5441
42.3152
40.7008
34.667
50.2227
54.1248
39.0571
44.1419
30.0134
50.3805
31.2141
29.2596
24.9337
10.0222
31.9824
38.4502
42.9024
17.2848
12.443
25.8641
8.87847
42.1328
39.8342
26.2533
11.445
29.6215
14.0835
21.7065
50.8463
35.3396
42.5882
40.7755
50.3805
39.4221
29.2596
26.3652
10.0222
31.9824
38.4502
42.9024
23.7528
12.443
25.8641
8.87847
43.7177
39.8342
33.3291
11.445
29.6215
14.0835
21.7065
50.7617
35.3396
42.5882
48.0623
55.8713
45.1916
54.3471
48.0745
55.8713
45.3012
54.3471
48.4813
50.2499
57.436
51.0942
49.6829
26.4391
40.8913
40.7461
33.2391
48.3129
51.8194
42.5441
42.4235
52.9333
55.8713
47.5022
54.3471
48.4304
50.601
57.4818
52.9333
55.8713
47.5022
54.3471
48.4304
50.601
57.4818
51.6069
52.0019
26.4391
40.7802
41.3979
35.9734
48.7698
52.04
42.9385
42.7236
40.8383
35.6249
51.6668
54.2332
39.6006
44.1419
53.0912
55.9736
53.2233
54.2806
53.2251
54.1249
58.202
49.4476
49.6829
59.2823
53.2241
42.3183
51.4446
48.4532
51.866
46.9995
49.2434
42.0611
38.1169
52.8908
54.3662
45.1117
44.0618
53.0912
55.9736
53.0912
55.9736
51.4449
54.2806
52.8526
54.0266
58.202
49.1006
49.6829
59.2823
53.2241
42.3183
51.3335
48.4532
51.5139
46.9995
49.0515
42.0611
38.1169
52.8908
54.2578
45.1117
44.0618
53.2022
56.0082
53.2233
54.2806
53.2241
54.0266
58.202
49.9256
50.4925
59.2823
53.2241
42.2631
51.4446
49.2267
51.9765
46.9995
50.3034
42.2656
46.1983
52.8908
54.3662
45.1117
44.0618
54.3471
56.0082
53.2227
54.2806
53.2241
54.0786
58.202
50.906
51.9669
59.2823
53.2241
42.5769
51.4446
49.4034
52.0869
46.9995
58.5674
42.2656
49.2562
53.0019
54.3662
45.2228
44.0618
53.4769
55.8713
57.3438
54.3697
48.1008
54.0266
58.191
53.4597
52.0019
26.4391
42.7848
42.0611
38.5645
49.4034
52.3709
42.9385
43.0245
40.8324
38.7784
52.5566
54.3415
39.6006
44.1419
