6
8
11
9
7
5
7
10
7
7
8
5
6
8
6
2
12
6
6
10
12
9
12
8
8
6
10
10
6
8
4
3
5
10
8
4
10
3
3
4
2
3
10
3
3
7
6
3
6
7
6
8
11
9
7
5
7
10
7
7
8
5
6
8
6
2
12
6
6
10
12
9
12
8
8
6
10
10
6
8
4
3
5
10
8
4
10
3
3
4
2
3
10
3
3
7
6
3
6
7
6
8
11
9
7
5
7
10
7
7
8
5
6
8
6
2
12
6
6
10
12
9
12
8
8
6
10
10
6
8
4
3
5
10
8
4
10
3
3
4
2
3
10
3
3
7
6
3
6
7
6
8
11
9
7
5
7
10
7
7
8
5
6
8
6
2
12
6
6
10
12
9
12
8
8
6
10
10
6
8
4
3
5
10
8
4
10
3
3
4
2
3
10
3
3
7
6
3
6
7
6
8
11
9
7
5
7
10
7
7
8
5
6
8
6
2
12
6
6
10
12
9
12
8
8
6
10
10
6
8
4
3
5
10
8
4
10
3
3
4
2
3
10
3
3
7
6
3
6
7
6
8
11
9
7
5
7
10
7
7
8
5
6
8
6
2
12
6
6
10
12
9
12
8
8
6
10
10
6
8
4
3
5
10
8
4
10
3
3
4
2
3
10
3
3
7
6
3
6
7
6
8
11
9
7
5
7
10
7
7
8
5
6
8
6
2
12
6
6
10
12
9
12
8
8
6
10
10
6
8
4
3
5
10
8
4
10
3
3
4
2
3
10
3
3
7
6
3
6
7
